room 0,0 1
tiles 0,0,0,0,0,0,0,0,0,0,0 0,0,0,0,0,0,0,0,0,0,0 0,0,0,0,0,0,0,0,0,0,0 0,0,0,0,0,0,0,0,0,0,0 0,0,0,0,0,0,0,0,0,0,0 0,0,0,0,1	,0,0,0,0,0,0 0,0,0,0,1,0,0,0,0,0,0 0,0,0,0,1,0,0,0,0,0,0 0,0,0,0,1,0,0,0,0,0,0 0,0,0,0,1,0,0,0,0,0,0 0,0,0,0,1,0,0,0,0,0,0
ghost 7,10 3
block 0,7
;
room 0,-1 0
tiles 0,0,0,0,0,0,0,0,0,0,0 0,1,0,1,0,1,0,1,0,1,0 0,1,0,1,0,1,0,1,0,1,0 0,1,0,1,0,1,0,1,0,1,0 0,1,0,1,0,1,0,1,0,1,0 0,1,0,1,0,1,0,1,0,1,0 0,1,0,1,0,1,0,1,0,1,0 0,1,0,1,0,1,0,1,0,1,0 0,1,0,1,0,1,0,1,0,1,0 0,1,0,1,0,1,0,1,0,1,0 0,0,0,0,0,0,0,0,0,0,0
turret 4,0 3 S 0
snake 10,10 5
block 8,8
;
room -1,-1 0
tiles 0,0,0,0,0,0,0,0,0,0,0 0,0,0,0,0,0,0,0,0,0,0 0,0,0,0,0,0,0,0,0,0,0 0,0,0,0,0,0,0,0,0,0,0 0,0,0,0,0,0,0,0,0,0,0 0,0,0,0,0,0,0,0,0,0,0 0,0,0,0,0,0,0,0,0,0,0 0,0,0,0,0,0,0,0,0,0,0 0,0,0,0,0,0,0,0,0,0,0 0,0,0,0,0,0,0,0,0,0,0 0,0,0,0,0,0,0,0,0,0,0
turret 4,0 2 S 0
turret 4,10 2 N 0
turret 0,6 2 E 0
turret 10,6 2 W 1
;
room 0,-2 1
tiles 0,0,0,0,0,0,0,0,0,0,0 0,1,1,1,1,1,1,1,1,1,1 0,0,0,0,0,0,0,0,0,0,0 1,1,1,1,1,1,1,1,1,1,0 0,0,0,0,0,0,0,0,0,0,0 0,1,1,1,1,1,1,1,1,1,1 0,0,0,0,0,0,0,0,0,0,0 1,1,1,1,1,1,1,1,1,1,0 0,0,0,0,0,0,0,0,0,0,0 0,1,1,1,1,1,1,1,1,1,1 0,0,0,0,0,0,0,0,0,0,0
snake 10,10 121
;
room 1,0 0
tiles 0,0,0,0,0,0,0,0,0,0,0 0,1,1,1,1,1,1,1,1,1,0 0,0,0,0,0,0,0,0,0,0,0 0,1,1,1,1,1,1,1,1,1,0 0,0,0,0,0,0,0,0,0,0,0 0,1,1,1,1,1,1,1,1,1,0 0,0,0,0,0,0,0,0,0,0,0 0,1,1,1,1,1,1,1,1,1,0 0,0,0,0,0,0,0,0,0,0,0 0,1,1,1,1,1,1,1,1,1,0 0,0,0,0,0,0,0,0,0,0,0
block 2,2
block 2,3
;
room 0,1 0
tiles 0,0,0,0,0,0,0,0,0,0,0 0,1,1,1,1,1,1,1,1,1,0 0,0,0,0,0,0,0,0,0,0,0 0,1,1,1,1,1,1,1,1,1,0 0,0,0,0,0,0,0,0,0,0,0 0,1,1,1,1,1,1,1,1,1,0 0,0,0,0,0,0,0,0,0,0,0 0,1,1,1,1,1,1,1,1,1,0 0,0,0,0,0,0,0,0,0,0,0 0,1,1,1,1,1,1,1,1,1,0 0,0,0,0,0,0,0,0,0,0,0
block 2,2
block 2,3
;
room -1,0 0
tiles 0,0,0,0,0,0,0,0,0,0,0 0,1,1,1,1,1,1,1,1,1,0 0,0,0,0,0,0,0,0,0,0,0 0,1,1,1,1,1,1,1,1,1,0 0,0,0,0,0,0,0,0,0,0,0 0,1,1,1,1,1,1,1,1,1,0 0,0,0,0,0,0,0,0,0,0,0 0,1,1,1,1,1,1,1,1,1,0 0,0,0,0,0,0,0,0,0,0,0 0,1,1,1,1,1,1,1,1,1,0 0,0,0,0,0,0,0,0,0,0,0
block 2,2
block 2,3
;